************     1843     5     3     5     5     2     0.2     ************
0.044172048568725586     0.0     216169.4399999999     586.0     2269.0     9178.0     21495.299999999992     89506.61999999998     11392.919999999996     81741.59999999998
0.06150412559509277     0.0     216169.4399999999     586.0     2269.0     9178.0     21495.299999999992     89506.61999999998     11392.919999999996     81741.59999999998
14.280112504959106     28.747881174087524     216169.44     586.0     2269.0     9178.0     21495.300000000003     89506.62000000001     11392.92     81741.6
22.516728162765503     49.50002980232239     195244.22000000012     586.0     2269.0     9178.0     21495.3     106893.73999999999     11392.92     81741.59999999999
[[[0. 0. 1. 0. 1.]
  [1. 0. 0. 1. 0.]
  [0. 1. 0. 0. 0.]]

 [[1. 0. 0. 1. 0.]
  [0. 1. 0. 0. 1.]
  [0. 0. 1. 0. 0.]]]
**********END OF THIS SET***********       **********END OF THIS SET***********
###############################################################################################################


