***************6     3     11     8     3     0.2***************
4705.368988123472  174.11892463925824  0.7499365157849951  0.037004308286712674  171984.7731910966  38662.258648766365  7.499365157849951  0.0  900.0  1846.6  1800.0  5403.050269671994  14993.364907500438  108372.0  166331.49162065896  733.0310118765256  7330.3101187652555  6257.861501893751  7656.5999999999985   17346.12  130046.39999999998  156493.47855054386   6985.956775680843   698.5956775680843  6281.484  17272.824991783295  129439.16918459741  153324.6948392413   5890.657397997129   589.0657397997129  5997.989  16918.881257014793  126907.82433367617  148886.55955150817   7440.125688648352   774.35165474242  160399.92  0.0  0.0
4693.693259488825  161.69325948882516  0.0  0.034449046955069805  168396.827670185  34931.810874020885  0.0  0.0  900.0  1846.6000000028  1800.0000000012137  5591.314592432709  14955.102203727412  108372.0  166494.8869842088  744.7067405111729  7447.067405111729  6304.499579097126  7656.5999999999985   17346.12  130046.39999999998  156702.48918029986   7183.835596147001   718.3835596147001  6435.124  17282.405429931903  129484.95941744762  153305.31369236845   5985.263841487476   598.5263841487476  6087.151  16914.22812786689  126803.9345541435  148331.60468696692   7337.032521021292   735.3706339449858  160399.92  0.0  0.0
4680.813721197356  148.8137211973563  0.0  0.03179227588644344  168582.41125828464  35306.75781678266  0.0  0.0  900.0  1846.6  1800.0  5449.331729299519  14907.721712202507  108372.0  166550.21883502888  757.5862788026425  7575.862788026425  6231.036047002509  7656.5999999999985   17346.12  130046.39999999998  156554.30924742902   7298.226033538513   729.8226033538513  6270.427  17281.496786048025  129502.3852047331  152970.68860689033   6077.407109545884   607.7407109545884  5923.084  16881.89406966353  126665.71085759926  145953.46826040687   4198.265523209782   813.6174903517781  160399.92  0.0  0.0
4726.107468978884  194.10746897888438  0.0  0.04107131931572918  177970.76875837165  44584.989358896  0.0  0.0  900.0  1846.6  1800.0  5415.272274395145  15051.907125080525  108372.0  166097.85877314454  712.2925310211149  7122.925310211149  6231.613462933462  7656.5999999999985   17346.12  130046.39999999998  156576.71427420323   6794.428620968138   679.4428620968138  6407.216  17280.15820819356  129389.34005909198  153170.31091480766   5602.466646584135   560.2466646584135  6060.133  16904.192904089254  126705.98456162597  150446.48828015805   8605.105955934812   690.5491537806997  160399.92  0.0  0.0
4657.521742215463  127.21597690694686  1.6942346914838957  0.027314091902968445  168454.95387413015  35061.757183023496  16.942346914838957  0.0  900.0  1846.5999999999958  1800.0  5491.484443011611  14966.169901180214  108372.0  166725.76375651849  780.8782577845368  7808.782577845368  6173.661178673182  7656.5999999999985   17346.12  130046.39999999998  156396.24713360393   7462.106228807388   746.2106228807388  6246.577  17262.629175562295  129387.04063069029  152877.8633840372   6199.222597926528   619.9222597926528  5973.255  16879.200308476942  126525.40782810184  148298.78053277335   7219.809140854117   879.3337159602379  160399.92  0.0  0.0
4678.985052464213  146.9850524642129  0.0  0.03141387519218563  167871.09440170036  34367.63408827014  0.0  0.0  899.9999999999999  1846.6000000028  1800.0000000012137  5686.010303814554  14898.850009611666  108372.0  166834.73853275663  759.4149475357854  7594.149475357854  6497.2690573988475  7656.5999999999985   17346.12  130046.39999999998  156834.30813513437   7290.855138403895   729.0855138403895  6539.496  17288.990107000936  129505.82164970628  153842.5484696474   6241.93872761165   624.193872761165  6225.230  16958.766230232104  127158.55178084833  147580.14085263663   5466.258689629894   893.567587448388  160399.92  0.0  0.0
4660.539367482125  128.53936748212573  0.0  0.027580362989524456  170867.8468143082  37420.34433321175  0.0  0.0  899.9999999999999  1846.6000000028  1800.0000000012137  5546.60963665229  14982.292844440144  108372.0  166733.30685588688  777.8606325178735  7778.606325178735  6211.380530708202  7656.5999999999985   17346.12  130046.39999999998  156541.29907671578   7423.772896261544   742.3772896261544  6366.089  17270.107260717254  129405.10304271225  153319.57921245537   6244.881841280703   624.4881841280703  6053.094  16921.526461431207  126844.9588346718  147930.23405648957   6442.002191560045   842.2967131423658  160399.92  0.0  0.0
4702.526403677363  170.5264036773628  0.0  0.03626272115006342  169846.52489446528  36382.56225012265  0.0  0.0  900.0  1846.5999999999958  1800.0  5571.276115772047  14974.08652857058  108372.0  166477.4023264884  735.8735963226363  7358.735963226363  6375.346363262088  7656.5999999999985   17346.12  130046.39999999998  156823.120252816   7048.152034762024   704.8152034762024  6515.565  17292.68691236287  129514.86874032747  153996.75104994007   6081.919284111591   608.1919284111591  6293.243  16971.48533248861  127232.02305660257  148594.15454339917   6838.3236708080285   832.2276177814545  160399.92  0.0  0.0
4670.054038698676  138.0540386986762  0.0  0.029561550584786246  164887.93138523411  31604.519030970187  0.0  0.0  900.0  1846.600000002793  1800.0000000012128  5526.068190794745  14838.744163465195  108372.0  166673.00731854636  768.3459613013229  7683.459613013229  6246.22770553319  7656.5999999999985   17346.12  130046.39999999998  156641.4751309639   7359.7157074294955   735.9715707429496  6324.664  17288.422483876915  129528.38857666717  153146.67927542602   6137.281196112899   613.7281196112899  6027.110  16899.083598236335  126720.48585433161  145411.49535758395   3924.7532284727763   844.9211484584771  160399.92  0.0  0.0
4691.134493123657  159.41730477532002  0.2828116516626693  0.03398267626072042  174547.08451530605  41250.448271705885  2.828116516626693  0.0  900.0  1846.6  1800.0  5362.531322975374  15012.67680410816  108372.0  166339.85013633934  747.2655068763406  7472.655068763406  6123.875067575987  7656.5999999999985   17346.12  130046.39999999998  156404.90868445454   7142.613889887234   714.2613889887234  6264.648  17280.13029373397  129360.13028821848  152814.84762039775   5778.327278361594   577.8327278361594  5903.404  16871.63015463962  126539.8130868657  149553.5409658997   8221.135763194447   731.5395164307295  160399.92  0.0  0.0
4699.829183676108  170.29717850936416  2.4679948332561077  0.036234759148450854  174742.1455130694  41276.49243055217  24.679948332561075  0.0  900.0  1846.6  1800.0  5483.227069829129  15039.146064355562  108372.0  166349.0438608566  738.5708163238905  7385.708163238905  6220.015697617717  7656.5999999999985   17346.12  130046.39999999998  156564.0969567628   7097.529194978879   709.7529194978879  6345.360  17284.00312336339  129434.73415376853  152885.47968636802   5815.204141815666   581.5204141815666  5970.496  16874.48964376112  126540.4938307211  149581.96267438467   8013.17339964209   740.6069017850314  160399.92  0.0  0.0
4680.247387928028  148.24738792802762  0.0  0.03167511792440903  174217.55868288915  40880.16823726323  0.0  0.0  900.0  1846.6  1800.0  5414.880957233417  15003.909488392514  108372.0  166538.19297793688  758.1526120719709  7581.526120719709  6213.346857217217  7656.5999999999985   17346.12  130046.39999999998  156620.22254689055   7207.610964275045   720.7610964275045  6431.585  17266.439938263204  129422.19722647984  152795.87432294854   5946.382295994936   594.6382295994936  5906.721  16849.554453598415  126539.59857920301  148931.67127343855   7137.385474746759   840.5139365882982  160399.92  0.0  0.0
4628.404005444842  98.33840505952617  1.9343996146838869  0.021246720239599032  156766.50254065025  23567.5882498185  19.34399614683887  0.0  900.0  1846.6  1800.0  5515.462600658514  14745.507694026453  108372.0  166985.13259665956  809.9959945551564  8099.959945551564  6141.8526511080645  7656.5999999999985   17346.12  130046.39999999998  156401.5889752388   7758.382672475873   775.8382672475873  6201.229  17264.298800906152  129436.06160237014  152757.51987690135   6495.992620313891   649.5992620313891  5876.603  16865.871320008657  126515.04542783624  146021.13670262185   4952.227791250978   1091.5939112080225  160399.92  0.0  0.0
4662.212428475552  130.2124284755514  0.0  0.027929321212445957  169548.53838107007  36270.51256891287  0.0  0.0  900.0  1846.6  1800.0  5409.210651778796  14950.215160378419  108372.0  166640.2295409145  776.1875715244469  7761.875715244469  6135.033825670076  7656.5999999999985   17346.12  130046.39999999998  156568.53529303172   7472.99750992177   747.299750992177  6285.336  17285.805548828204  129497.39410055034  152852.7315826621   6192.895765334506   619.2895765334506  5930.996  16861.91783880618  126559.81774573526  147586.0066102379   6431.756097727159   822.8024657489354  160399.92  0.0  0.0
4647.823704308841  117.17587284391882  1.3521685350786434  0.02521091166502056  163506.52660171018  30363.953314102215  13.521685350786434  0.0  900.0  1846.6  1800.0  5397.326033223397  14813.125569033782  108372.0  166854.74224623592  790.5762956911585  7905.762956911585  6205.659289324389  7656.5999999999985   17346.12  130046.39999999998  156489.33430703174   7576.04593136507   757.604593136507  6285.173  17261.199279513934  129442.96210208444  152630.75551638074   6225.590924388789   622.5590924388789  5808.165  16846.22709379605  126476.36379893296  146074.3792330322   5081.401646352776   890.6588631877702  160399.92  0.0  0.0
4699.665688270352  167.66568827035167  0.0  0.03567608834152174  168416.7900720844  35080.89458693394  0.0  0.0  900.0  1846.6  1800.0  5522.326670323983  14894.968814826494  108372.0  166468.1554776663  738.7343117296468  7387.343117296468  6337.4923603698735  7656.5999999999985   17346.12  130046.39999999998  156877.9908535846   7229.099895062282   722.9099895062282  6414.708  17303.41079681207  129659.87241243702  153498.01615091722   6018.14241267266   601.814241267266  6135.675  16920.76099435363  126941.58033519107  147137.77214475814   5011.950875192246   829.3123395170421  160399.92  0.0  0.0
4647.546692832159  115.54669283215945  0.0  0.02486186809276502  157346.7622407643  23944.53042459341  0.0  0.0  900.0  1846.600000011793  1800.0000000024272  5766.476699364374  14717.155116792308  108372.0  166767.93418959161  790.8533071678394  7908.533071678394  6116.081117913262  7656.5999999999985   17346.12  130046.39999999998  156516.8038223881   7620.466948455487   762.0466948455487  6271.386  17281.647118058878  129463.77060838704  152990.6063258477   6385.4209912397255   638.5420991239725  5939.590  16880.508392347696  126670.50820254872  145008.41256351804   3832.1906488539726   1019.7614421014298  160399.92  0.0  0.0
4691.732553097685  159.73255309768535  0.0  0.03404553675853134  170296.8298685482  36907.50200138439  0.0  0.0  900.0  1846.6  1800.0  5523.858420854933  14946.869446308865  108372.0  166564.94252417673  746.6674469023128  7466.674469023128  6354.948055153663  7656.5999999999985   17346.12  130046.39999999998  156644.16404357075   7123.500323378166   712.3500323378166  6473.137  17264.81350825951  129406.21336013435  153497.47918386234   6030.257246510673   603.0257246510673  6102.232  16943.782146913614  126951.46479726843  149250.315778277   7868.82247182957   822.1415115814539  160399.92  0.0  0.0
4709.507073178836  177.50707317883672  0.0  0.037691221272340605  178439.869731583  44985.33574059741  0.0  0.0  900.0  1846.6  1800.0  5480.621537826331  15055.312453159273  108372.0  166329.78109067446  728.8929268211623  7288.929268211623  6297.531822462878  7656.5999999999985   17346.12  130046.39999999998  156576.50507848727   6957.4426429301275   695.7442642930127  6383.519  17270.371025045544  129422.61486812858  153325.05687581876   5776.581431912273   577.6581431912273  6088.369  16917.449715939438  126819.2385246597  149462.3193424436   7057.575156057015   756.5475292809995  160399.92  0.0  0.0
4674.9091975101155  143.99518456547523  1.085987055360187  0.03080170725929135  167381.57751465624  34041.82531031874  10.85987055360187  0.0  900.0  1846.6  1800.0  5567.277256678267  14843.015077105647  108372.0  166628.98506194842  763.4908024898841  7634.908024898841  6250.757037049624  7656.5999999999985   17346.12  130046.39999999998  156687.03249788054   7448.244688723689   744.8244688723689  6312.269  17297.40035433779  129577.36278949463  153003.38647803193   6134.020016021732   613.4020016021732  5924.375  16876.96434193806  126702.04720925138  147302.40776135685   5861.500931456752   879.0391318709184  160399.92  0.0  0.0
4697.667938844632  165.912988405897  0.24504956126476873  0.03531816010961015  171819.01638993726  38632.68252662814  2.4504956126476873  0.0  900.0  1846.6  1800.0  5289.756401952854  14975.526965743633  108372.0  166231.34554766846  740.7320611553669  7407.320611553669  6080.704936114846  7656.5999999999985   17346.12  130046.39999999998  156413.45147756345   7044.970538614261   704.4970538614261  6242.937  17272.991703916072  129397.5229975891  152578.67499142446   5743.373404441045   574.3373404441045  5854.770  16846.687120597202  126377.21781895381  147741.02174696975   6732.212272101833   674.7957193841255  160399.92  0.0  0.0
4674.687714106377  142.68771410637746  0.0  0.030523475113813873  169063.36891385436  35698.098017503275  0.0  0.0  900.0  1846.600000002796  1800.0000000012137  5486.348294322312  14960.322602024786  108372.0  166698.88901088154  763.7122858936209  7637.122858936209  6318.446151945398  7656.5999999999985   17346.12  130046.39999999998  156513.81817946563   7307.841987857064   730.7841987857064  6347.337  17258.72854192099  129407.75281682363  153003.4662633944   6104.426884051309   610.4426884051309  5965.025  16878.080927244846  126660.3603681553  150063.1080560875   8714.318565206277   936.0017046435387  160399.92  0.0  0.0
4682.471544560615  150.47154456061492  0.0  0.03213506865522972  171753.51256901305  38261.13229387845  0.0  0.0  900.0  1846.6  1800.0  5561.270135858941  15012.510139275659  108372.0  166608.27860770287  755.9284554393835  7559.284554393835  6305.674053309071  7656.5999999999985   17346.12  130046.39999999998  156510.19609616674   7185.061042373718   718.5061042373718  6493.273  17258.066842306882  129258.85600398092  153622.5515456375   6103.631605814708   610.3631605814708  6169.579  16952.97185494924  127000.00087473387  148777.55505077905   6530.731566761755   925.891255253679  160399.92  0.0  0.0
4661.412931528508  129.41293152850852  0.0  0.027762597613525127  166903.37651608413  33500.19965632318  0.0  0.0  900.0000000009467  1846.60000001  1800.0000000012137  5603.267387345328  14881.30947240347  108372.0  166757.03090706083  776.9870684714906  7769.870684714906  6243.84022234598  7656.5999999999985   17346.12  130046.39999999998  156559.54377770223   7463.599165831256   746.3599165831256  6299.960  17277.19138879135  129482.39206506425  153313.93970508903   6279.643608505921   627.9643608505921  6099.738  16908.86055587579  126805.34084267794  147615.2633231924   5448.027112926614   962.8782855418933  160399.92  0.0  0.0
4713.265305205174  181.9117218908417  0.6464166856688607  0.03859568899928982  179505.59999479895  45984.36600989502  6.464166856688607  0.0  900.0  1846.6  1800.0  5486.990541057856  15109.179276989376  108372.0  166322.53352439107  725.1346947948259  7251.346947948259  6327.866576442874  7656.5999999999985   17346.12  130046.39999999998  156737.14802192347   6938.865118850781   693.8865118850781  6468.982  17289.68376883244  129478.48260101388  153348.0021011959   5722.943454133192   572.2943454133192  6115.295  16919.013541930777  126813.6938743583  151212.89250461446   9245.744962796834   721.9406559077751  160399.92  0.0  0.0
4683.730576029324  151.7305760293242  0.0  0.03239523998367028  164998.17048536325  31846.06669344105  0.0  0.0  900.0000000009467  1846.600000005993  1800.0000000012137  5414.687787671368  14818.816004242695  108372.0  166414.6635600342  754.6694239706749  7546.694239706749  6124.649320327508  7656.5999999999985   17346.12  130046.39999999998  156573.75778669096   7283.7454925430575   728.3745492543057  6261.161  17291.933896788796  129520.66299157919  152911.12155673912   6014.560062710261   601.4560062710261  5936.923  16885.03064195793  126589.16790575687  146015.86589284567   5352.464812622403   725.2399210181394  160399.92  0.0  0.0
4697.050061081442  165.0500610814425  0.0  0.035139089201753494  177861.3945132742  44511.01845837509  0.0  0.0  900.0  1846.599999999995  1800.0  5391.558080896019  15040.21797400312  108372.0  166394.55503542727  741.3499389185563  7413.499389185563  6237.735646241759  7656.5999999999985   17346.12  130046.39999999998  156511.53053423436   7051.118949381853   705.1118949381853  6328.069  17259.469602770256  129423.9921394005  153247.72725805605   5901.756528304459   590.1756528304459  6009.489  16905.86709523908  126832.37070864436  148797.3480979904   6591.6697614519535   755.2458091972503  160399.92  0.0  0.0
4690.377086606449  158.37708660644904  0.0  0.03376638672798843  175481.29042806372  41913.31427769105  0.0  0.0  900.0  1846.5999999999958  1800.0  5628.189716714938  15021.186433657727  108372.0  166569.08824812656  748.02291339355  7480.2291339355  6345.539114191096  7656.5999999999985   17346.12  130046.39999999998  156495.4603137128   7055.092970718479   705.5092970718479  6460.386  17255.31528244033  129279.75879345642  153539.8292191574   6018.124848099578   601.8124848099578  6165.212  16943.03624068171  126931.58136614032  149050.92924062198   6996.566757292865   833.5993675135829  160399.92  0.0  0.0
4688.849049022757  156.8490490227572  0.0  0.0334515032117418  164473.88417891727  31036.97654722914  0.0  0.0  900.0  1846.6  1800.0  5656.772665427784  14861.534966260417  108372.0  166520.85630857717  749.550950977241  7495.50950977241  6282.026798804816  7656.5999999999985   17346.12  130046.39999999998  156604.20196476567   7163.638581496616   716.3638581496616  6468.913  17269.37675072615  129365.91204775088  153472.98443334203   6065.077649157565   606.5077649157565  6142.974  16927.595805656565  126902.41506514119  148221.3622372375   7192.350200168036   815.6096760103954  160399.92  0.0  0.0
4678.015117430797  147.8787830476677  1.863665616872039  0.03161143761520888  171958.85247838145  38605.050462483676  18.63665616872039  0.0  900.0  1846.599999999993  1800.0  5446.340816011517  14970.224543717559  108372.0  166640.8360106828  760.384882569203  7603.84882569203  6293.667184990841  7656.5999999999985   17346.12  130046.39999999998  156583.94431455963   7301.463540498789   730.1463540498789  6349.173  17272.605682573594  129462.16539479913  153286.35802415514   6035.909728327761   603.5909728327761  6072.562  16909.260723190546  126804.53563058807  147188.70513370913   5313.130954144739   800.5393210166862  160399.92  0.0  0.0
4650.9326042893435  121.72884895664183  2.7962446672976435  0.026172997829376595  164498.70627234958  31023.89924763397  27.962446672976434  0.0  900.0  1846.6  1800.0  5630.7892860695  14897.455291973154  108372.0  166795.18739203303  787.4673957106543  7874.673957106543  6177.19343492653  7656.5999999999985   17346.12  130046.39999999998  156567.3759345092   7591.740076922779   759.1740076922779  6359.842  17286.165703820236  129421.36817594944  152772.83972865943   6180.67378608137   618.067378608137  5973.549  16873.16906553973  126426.12179511349  148603.52795796772   7277.552198595469   1001.8515206793552  160399.92  0.0  0.0
4688.701963495564  157.74393833687884  1.0419748413147474  0.033643413372189714  167514.11344222905  34067.19172011935  10.419748413147474  0.0  900.0  1846.6  1800.0  5641.44751722083  14876.454456475749  108372.0  166621.14628041195  749.6980365044346  7496.980365044346  6380.845915367661  7656.5999999999985   17346.12  130046.39999999998  156689.95807138257   7157.320226907841   715.7320226907841  6431.525  17284.69438117687  129473.73840148826  153350.54215814514   6014.1279088119245   601.4127908811924  6105.879  16918.355420404376  126826.3078019953  147410.65291853252   5728.333548457709   832.7647156743294  160399.92  0.0  0.0
4711.549711254165  179.54971125416455  0.0  0.038108419152468265  173781.54061504552  40241.61910942973  0.0  0.0  900.0  1846.6  1800.0  5593.196069998348  15028.125435617447  108372.0  166389.60677021262  726.8502887458344  7268.502887458344  6377.783882754328  7656.5999999999985   17346.12  130046.39999999998  156670.96428527148   6938.071707083245   693.8071707083245  6399.604  17280.795204280905  129490.56461618209  153346.74467196938   5748.670055840603   574.8670055840603  6059.244  16926.747347265526  126860.75313208997  150238.28988794444   8697.672506595223   748.8747017754174  160399.92  0.0  0.0
4675.27156773718  143.27156773718045  0.0  0.03064454452782163  167072.44870676484  33952.52994474677  0.0  0.0  900.0  1846.6  1800.0  5339.602217529412  14861.71654448867  108372.0  166509.2843854728  763.128432262818  7631.28432262818  6134.680062844677  7656.5999999999985   17346.12  130046.39999999998  156340.78269492922   7314.656003482241   731.4656003482241  6259.311  17262.696693990616  129318.77476741145  152782.65122951937   5998.2133453278675   599.8213345327868  5892.971  16860.14990756335  126529.53066260627  147655.81290309218   7013.0442870722745   744.070398996311  160399.92  0.0  0.0
4680.758406050288  148.7584060502879  0.0  0.031780834032793644  170967.8296337499  37506.675297761176  0.0  0.0  900.0  1846.5999999999976  1800.0  5615.382675686902  14927.171660301832  108372.0  166597.63593582655  757.641593949711  7576.41593949711  6277.89999632949  7656.5999999999985   17346.12  130046.39999999998  156543.54544435392   7171.482587637311   717.1482587637311  6413.447  17258.005761465014  129372.09317031526  153398.29464276443   6041.53081330518   604.153081330518  6101.262  16915.562345928658  126881.47023078738  148233.15618964238   6753.203707747865   827.3102290975544  160399.92  0.0  0.0
4699.362034987164  167.88790900260545  0.5258740154401451  0.035725681007903874  173347.5145167603  39971.319758212056  5.258740154401451  0.0  900.0  1846.6  1800.0  5434.086129517528  15018.249888876333  108372.0  166345.4174296853  739.0379650128334  7390.379650128334  6211.717779557029  7656.5999999999985   17346.12  130046.39999999998  156636.6788856694   7100.910964308696   710.0910964308696  6409.963  17274.724888237895  129451.99090527765  153296.30217507575   5941.257608856813   594.1257608856813  6045.251  16909.807290718323  126841.24368178689  149508.33881107447   7676.248876377105   842.1881676195485  160399.92  0.0  0.0
4699.946694770926  167.9466947709267  0.0  0.03573374458858887  173953.53658981336  40555.71724440255  0.0  0.0  900.0  1846.6  1800.0  5475.356140427501  15003.863204983296  108372.0  166479.82533085084  738.4533052290717  7384.533052290717  6351.972278560178  7656.5999999999985   17346.12  130046.39999999998  156588.45800546306   7046.944745170504   704.6944745170504  6390.742  17268.50593638668  129429.21034965462  153605.82467217636   6015.003161937693   601.5003161937693  6144.155  16940.5597346577  127021.10967370713  149390.77005178263   7751.414774117149   761.3639760948485  160399.92  0.0  0.0
4695.451680630905  163.45168063090395  0.0  0.034810640540750226  168788.092072836  35551.47271430113  0.0  0.0  899.9999999999999  1846.6000000087959  1800.0000000012137  5389.71502258917  14928.3043359357  108372.0  166295.82392004144  742.9483193690949  7429.483193690949  6123.020726350531  7656.5999999999985   17346.12  130046.39999999998  156488.2309906029   7135.194859701214   713.5194859701214  6244.748  17278.268546318406  129465.21402059266  152767.8178411932   5866.333033126684   586.6333033126684  5892.107  16860.13753866181  126515.57365659732  147203.7225430271   6195.47244086293   700.3518485872503  160399.92  0.0  0.0
4696.16842465705  164.1684246570499  0.0  0.0349579507828318  168077.54917122307  34580.61614472757  0.0  0.0  900.0  1846.6  1800.0  5675.965568864614  14902.367457630942  108372.0  166509.82343919048  742.2315753429493  7422.315753429493  6344.187685761051  7656.5999999999985   17346.12  130046.39999999998  156676.4742252171   7086.536135531796   708.6536135531796  6411.967  17280.170002620904  129484.33717017269  153267.0802254276   5917.995139636714   591.7995139636714  6049.762  16914.583414335837  126802.73489395357  149064.02998085457   8158.551043510648   773.9290887296677  160399.92  0.0  0.0
4666.305721849078  134.30572184907788  0.0  0.02878202369386498  165600.88319151034  32250.04987111761  0.0  0.0  900.0  1846.599999999993  1800.0  5547.9626658920615  14884.270654500675  108372.0  166754.74425221232  772.0942781509211  7720.942781509211  6290.481470703135  7656.5999999999985   17346.12  130046.39999999998  156484.05814114638   7333.522049913918   733.3522049913918  6336.675  17262.302294090445  129385.08125560383  153344.74292371812   6130.532274258694   613.0532274258694  6075.780  16913.99482270403  126854.96771524283  149613.6768645723   8072.548496158941   939.7131392191836  160399.92  0.0  0.0
4702.597555800513  170.5975558005124  0.0  0.03627730286851475  168239.76351376603  35126.100442098905  0.0  0.0  900.0  1846.6  1800.0  5311.110763118526  14883.952308548607  108372.0  166198.5063181958  735.8024441994867  7358.024441994867  6097.161876200987  7656.5999999999985   17346.12  130046.39999999998  156513.259573774   7002.521598610692   700.2521598610692  6208.948  17290.409361865088  129513.90182272063  152723.83549684638   5764.490684884322   576.4490684884322  5858.552  16854.920470040677  126510.36296066572  148137.15884995594   7517.170277495781   696.2344889200085  160399.92  0.0  0.0
4695.075689030657  163.075689030657  0.0  0.0347333461336223  172629.17649401067  39327.709915854444  0.0  0.0  900.0  1846.599999999995  1800.0  5414.371811801002  14968.494766355223  108372.0  166421.33139084314  743.3243109693422  7433.2431096934215  6244.7682811497625  7656.5999999999985   17346.12  130046.39999999998  156738.25001367193   7189.029736040075   718.9029736040075  6353.823  17291.435651791264  129592.99133918219  153352.23175331298   5989.915694186384   598.9915694186384  6091.191  16918.93903942029  126842.10184960514  147970.73232034597   6050.393536330719   794.3199612136114  160399.92  0.0  0.0
4656.4660421681765  124.46604216817691  0.0  0.026729721862252035  166290.45025390678  33018.040231804014  0.0  0.0  900.0  1846.6  1800.0  5485.304450401932  14868.505571700833  108372.0  166815.62713775467  781.9339578318222  7819.339578318222  6252.967559436489  7656.5999999999985   17346.12  130046.39999999998  156541.9856152814   7421.846552086499   742.1846552086499  6387.009  17267.093319111453  129387.88372681366  153383.83802841106   6292.339889781961   629.2339889781961  6070.670  16918.35000495179  126894.8180576569  147241.04725263576   5960.377155644843   877.0191802115899  160399.92  0.0  0.0
4687.201166451866  157.53550470053648  2.334338248670253  0.03360971699445711  169585.39604590644  36232.02837607773  23.34338248670253  0.0  900.0  1846.6  1800.0  5459.571376962303  14951.852910379706  108372.0  166454.07377483346  751.1988335481328  7511.988335481328  6198.765439352206  7656.5999999999985   17346.12  130046.39999999998  156651.3619903675   7286.801204407975   728.6801204407975  6325.532  17294.991164075345  129530.83865498466  152832.88440278734   5954.633033873424   595.4633033873424  5941.319  16871.318288660717  126520.24678489639  146604.13329625936   5519.657383579157   698.8048734529403  160399.92  0.0  0.0
4671.821785214846  139.82178521484582  0.0  0.029928749777516552  169488.12372935523  36087.64032894392  0.0  0.0  900.0  1846.599999999993  1800.0  5509.9218094335165  14971.961590977868  108372.0  166649.55955554452  766.5782147851523  7665.782147851523  6240.4574076930585  7656.5999999999985   17346.12  130046.39999999998  156591.66854563513   7328.284359664613   732.8284359664613  6394.811  17260.096841348077  129436.76114733801  153037.8747971929   6148.214394385814   614.8214394385814  5983.646  16873.80404358074  126680.42472269849  149356.37159126115   8121.873139187   859.867150287125  160399.92  0.0  0.0
4697.708362990722  165.70836299072246  0.0  0.03527429763333091  172580.20192695752  39295.2784034198  0.0  0.0  900.0  1846.6  1800.0  5383.363483615423  14982.960039922302  108372.0  166380.92094004207  740.6916370092758  7406.916370092758  6230.684569949362  7656.5999999999985   17346.12  130046.39999999998  156381.1172250063   6990.709119614203   699.0709119614203  6323.865  17268.17771118006  129289.07498148046  153304.7734784235   5884.410649083256   588.4410649083256  6057.159  16917.164328495208  126830.45001209516  148719.89875959803   6953.2633174051625   774.8973486259681  160399.92  0.0  0.0
4660.248315697942  128.3805024822376  0.1321867842950244  0.027547996112093586  166325.99208812285  32849.655871451745  1.321867842950244  0.0  899.9999999999999  1846.6000000028  1800.0000000012137  5683.517028395713  14872.89732042842  108372.0  166718.4201738344  778.1516843020563  7781.516843020563  6193.583330813883  7656.5999999999985   17346.12  130046.39999999998  156575.92823862287   7479.41804992307   747.941804992307  6367.068  17283.176420250067  129425.68403323769  153101.99590861207   6171.9313290878745   617.1931329087874  5968.677  16891.84366334336  126741.47566679008  149614.3002153904   8384.68188408102   973.9364714707579  160399.92  0.0  0.0
4671.23269136101  144.51096744164354  5.278276080633086  0.03093636669158068  167647.9987068199  34272.27412768811  52.78276080633086  0.0  900.0  1846.5999999999976  1800.0  5541.600420219774  14862.741398105678  108372.0  166596.4435269925  767.1673086389883  7671.673086389883  6181.450440602663  7656.5999999999985   17346.12  130046.39999999998  156335.5097073118   7220.527803571495   722.0527803571495  6266.981  17259.16853115175  129309.35994111355  152906.57824820196   6008.948469300922   600.8948469300922  5921.939  16877.512505285104  126607.12643695937  146454.26388460302   5321.651581412875   824.4549656314589  160399.92  0.0  0.0
4690.873405512833  158.87340551283387  0.0  0.033868619290838634  172109.24715167942  38768.65615225695  0.0  0.0  900.0  1846.6  1800.0  5452.561212116912  14969.429787305588  108372.0  166381.0835040944  747.5265944871653  7475.265944871653  6162.497559222804  7656.5999999999985   17346.12  130046.39999999998  156454.27535877356   7157.068488672539   715.7068488672539  6303.925  17260.40869161557  129389.94142704114  152819.95344853445   5816.673214416187   581.6673214416187  5948.445  16863.78052540969  126507.72792675122  149049.900449176   7545.500478050888   777.4069347249667  160399.92  0.0  0.0
4667.806994576695  139.4094655478869  3.602470971191967  0.029866158928563282  165963.86999717273  32714.41273349401  36.02470971191967  0.0  900.0  1846.6  1800.0  5391.8431179870095  14902.989435979809  108372.0  166642.29542638763  770.5930054233031  7705.930054233031  6193.045372154639  7656.5999999999985   17346.12  130046.39999999998  156473.71791159472   7279.078636141912   727.9078636141912  6346.569  17268.93081840919  129358.21823262156  153178.79327763725   6137.697453060737   613.7697453060737  6058.409  16909.975174502815  126710.40892540282  148158.39914974102   6387.129151221578   954.1846563211985  160399.92  0.0  0.0
4676.93030039559  149.07866655531467  4.148366159724784  0.03187532355201126  168601.711635759  35432.53561454814  41.48366159724784  0.0  900.0  1846.5999999999976  1800.0  5267.209331500503  14941.883028113112  108372.0  166437.82439102413  761.4696996044086  7614.696996044086  6079.807394980104  7656.5999999999985   17346.12  130046.39999999998  156336.72089006234   7268.444657392574   726.8444657392574  6189.793  17258.633349003405  129388.29461484189  152337.93673463035   5862.052917724677   586.2052917724677  5762.468  16825.36775753882  126250.10142733107  146911.97105089703   5755.551974772538   755.6755822851212  160399.92  0.0  0.0
4686.097583770429  154.09758377042888  0.0  0.03288398950634787  172634.08924020722  39317.94992537315  0.0  0.0  899.9999999999999  1846.6000000027998  1800.0000000012137  5426.72084220021  14970.818472629853  108372.0  166451.97317881847  752.3024162295696  7523.024162295696  6185.629016522802  7656.5999999999985   17346.12  130046.39999999998  156509.97986402284   7145.044087596389   714.5044087596389  6336.831  17270.153263374126  129402.99567414196  153096.76193562764   5950.62534448336   595.062534448336  5992.437  16888.650200053904  126715.67500777099  148360.4460489504   7221.278416861818   738.4199023500782  160399.92  0.0  0.0
4706.554102226817  174.55410222681712  0.0  0.037087452610866656  175888.83175734652  42517.377424172184  0.0  0.0  900.0  1846.6  1800.0  5438.072834788852  15014.78149838548  108372.0  166338.87801678473  731.8458977731816  7318.458977731816  6277.099039052968  7656.5999999999985   17346.12  130046.39999999998  156590.67629280136   7008.999994888991   700.8999994888991  6428.436  17269.87040345126  129392.36957639937  153422.15720459688   5790.30739723853   579.030739723853  6104.523  16930.586936144202  126887.04746928255  150301.91126928292   8357.375778565238   774.4687787593671  160399.92  0.0  0.0
4706.986437789264  176.47568737602563  1.489249586762046  0.037492287200834  171098.77878021705  37809.95888730017  14.892495867620461  0.0  900.0  1846.5999999999976  1800.0  5405.401408633438  14949.925988415827  108372.0  166279.4031915851  731.4135622107351  7314.135622107351  6221.947569477812  7656.5999999999985   17346.12  130046.39999999998  156551.2799488596   7059.244888558487   705.9244888558487  6309.623  17271.39863313145  129470.25799222417  153081.4496297818   5845.8984437792515   584.5898443779251  5934.175  16901.294871628823  126745.97976092098  148142.8069791716   6880.176998638608   724.5673784453002  160399.92  0.0  0.0
4672.57412431509  143.1909672015368  2.616842886447742  0.030644985695657826  170220.2880428952  36744.881928473704  26.16842886447742  0.0  900.0  1846.599999999993  1800.0  5569.103634667508  14961.534050889662  108372.0  166800.05907543376  765.82587568491  7658.2587568491  6398.480318584709  7656.5999999999985   17346.12  130046.39999999998  156623.84504712227   7295.800651197269   729.5800651197269  6489.332  17260.240737295997  129374.27277423238  153714.29728018408   6172.009983252328   617.2009983252328  6193.337  16954.632397994184  127066.32796383448  148411.4158314479   6563.947952963228   895.0810945509908  160399.92  0.0  0.0
4638.641440271356  106.64144027135733  0.0  0.02298980027762588  160970.99064017116  27787.950174582347  0.0  0.0  900.0  1846.6000000027889  1800.000000001212  5463.208104425451  14801.2323611594  108372.0  166822.77513583374  799.7585597286416  7997.585597286416  6081.869538547385  7656.5999999999985   17346.12  130046.39999999998  156414.39879026657   7702.093936842093   770.2093936842093  6194.490  17277.023367331843  129442.88493764368  152538.5795062149   6357.341054239487   635.7341054239487  5792.051  16841.015756028515  126405.51227907192  146155.0886035948   5300.664536531586   993.9154118500857  160399.92  0.0  0.0
4661.506455089787  129.5064550897874  0.0  0.027782103561903776  166567.90786709698  33154.05977335656  0.0  0.0  899.9999999984  1846.6000000047873  1800.0000000043333  5599.899721640044  14895.348372092849  108372.0  166778.16831050118  776.893544910211  7768.9354491021095  6265.912861399121  7656.5999999999985   17346.12  130046.39999999998  156664.43877383418   7487.039181480486   748.7039181480486  6383.716  17290.09404501822  129490.62898681939  153448.85933280832   6277.739077398664   627.7739077398664  6139.903  16929.105069782796  126879.85111661746  146039.11943174165   4612.051840982212   839.4545474820757  160399.92  0.0  0.0
4713.546473770371  181.54647377037128  0.0  0.0385158976962737  178271.01878115057  44774.233544266135  0.0  0.0  900.0  1846.6  1800.0  5515.98047653701  15062.204760347431  108372.0  166315.1773247546  724.8535262296273  7248.535262296273  6323.322062458363  7656.5999999999985   17346.12  130046.39999999998  156582.2525417196   6935.236572254771   693.5236572254771  6402.345  17265.054792644038  129414.8528535142  153682.1224353683   5798.9805297369   579.89805297369  6198.481  16943.67052164243  127039.9711896186  148401.74245618886   5756.274962949421   757.9307128704762  160399.92  0.0  0.0
4675.160242325726  143.16024232572587  0.0  0.030621462132923327  165369.7102994328  31865.733941240054  0.0  0.0  900.000000000946  1846.600000009993  1800.0000000012128  5658.7432641075175  14926.633094073084  108372.0  166755.281455168  763.2397576742724  7632.397576742724  6379.5638784253315  7656.5999999999985   17346.12  130046.39999999998  156699.70709077874   7318.480810873289   731.8480810873289  6442.360  17282.7742985406  129474.57320443644  153690.06033539568   6209.970500609979   620.9970500609979  6213.145  16950.27938346375  127026.63631585274  149123.9266125025   7828.969761676633   851.9442926969284  160399.92  0.0  0.0
4657.332564459703  125.33256445970241  0.0  0.026910804140576172  159302.09962800762  25878.592729724976  0.0  0.0  900.0  1846.6000000099957  1800.0000000012137  5684.879008281618  14820.027889989833  108372.0  166767.72227272802  781.0674355402962  7810.674355402962  6213.727917325102  7656.5999999999985   17346.12  130046.39999999998  156542.9134443963   7474.529232532932   747.4529232532932  6386.816  17284.44830873825  129371.64926230497  153105.08063075575   6242.514993319646   624.2514993319646  6037.026  16910.407736829897  126657.64737956865  146671.2816567902   5972.536150379569   920.8198973192381  160399.92  0.0  0.0
4696.627172623469  164.6271726234687  0.0  0.03505221227332599  171619.74499267052  38248.19910236656  0.0  0.0  900.0  1846.599999999995  1800.0  5510.390258475179  14942.555631828778  108372.0  166499.21521749487  741.7728273765306  7417.728273765306  6338.166943729616  7656.5999999999985   17346.12  130046.39999999998  156822.50238482282   7161.502065574332   716.1502065574332  6452.550  17293.80570739051  129576.14628008347  153446.1200281649   5987.704670141802   598.7704670141802  6112.660  16921.078550068643  126912.38107614128  147004.01724937206   5336.730798759592   747.4053916955088  160399.92  0.0  0.0
4679.9395291150995  147.9395291151  0.0  0.031611418949909584  171421.7783746319  37904.57924405873  0.0  0.0  900.0  1846.599999999993  1800.0  5610.4825478713055  14988.116582701947  108372.0  166578.63402841828  758.4604708848992  7584.604708848992  6250.709319569355  7656.5999999999985   17346.12  130046.39999999998  156552.17411224724   7286.773714332376   728.6773714332376  6379.449  17274.36875943752  129398.3561867097  153301.69345450526   6079.274666778374   607.9274666778374  6077.915  16926.9175045694  126796.8606447159  149275.93206096024   7576.344070216064   862.1612348962494  160399.92  0.0  0.0
4681.519267902186  152.88607701250857  3.366809110323045  0.03265736361713569  166121.249276976  32546.991026345284  33.66809110323045  0.0  900.0  1846.5999999999958  1800.0  5745.70228722383  14876.287872303661  108372.0  166537.97281962668  756.880732097813  7568.8073209781305  6225.845498648586  7656.5999999999985   17346.12  130046.39999999998  156624.63330100116   7247.852619697478   724.7852619697478  6323.197  17280.230186446915  129521.20568422982  153045.98447130976   5976.66132028693   597.666132028693  5980.407  16883.529949321623  126682.04778805225  148325.32569604108   6980.880849958727   895.8648339423333  160399.92  0.0  0.0
4690.882507357851  158.88250735785036  0.0  0.03387049390144313  166293.0166508666  32921.49029133331  0.0  0.0  900.0000000009467  1846.60000001  1800.0000000012137  5544.4646527341565  14908.46170678696  108372.0  166502.3614983519  747.5174926421487  7475.174926421487  6283.8665719304845  7656.5999999999985   17346.12  130046.39999999998  156643.16272327077   7217.14127609428   721.714127609428  6377.592  17285.263894585638  129480.3063662462  153150.985699588   6022.631471174609   602.2631471174609  6040.518  16907.14306625729  126703.32428793285  148427.65509948012   7553.29391764928   761.7588912048232  160399.92  0.0  0.0
4702.758810870171  172.5220763719219  1.7632655017512135  0.03668529118974729  171436.3440421599  38113.64123304906  17.632655017512135  0.0  900.0  1846.5999999999888  1800.0  5403.561248597458  14982.9089054959  108372.0  166271.1745739898  735.6411891298285  7356.411891298285  6171.442682691571  7656.5999999999985   17346.12  130046.39999999998  156541.9094343075   7010.068383810112   701.0068383810112  6294.923  17279.538223037733  129467.44830040696  152817.72738502367   5791.3611586073785   579.1361158607378  5908.527  16856.40164836544  126552.79906914807  148959.12691133568   7968.538959088508   751.1240950891494  160399.92  0.0  0.0
4671.564837504347  141.9784696997757  2.4136321954284465  0.03039205804443543  170461.45022712898  36973.46395712927  24.136321954284465  0.0  900.0  1846.6  1800.0  5574.684559646491  14970.565388398925  108372.0  166654.4379591532  766.8351624956513  7668.351624956513  6242.766334196745  7656.5999999999985   17346.12  130046.39999999998  156620.04552303863   7364.353399431802   736.4353399431802  6400.882  17289.73656719325  129429.42676150516  153305.77405173957   6124.6988841153325   612.4698884115332  6084.473  16922.74839579456  126798.55304441018  148755.41940864464   7309.491817162496   854.0760712323299  160399.92  0.0  0.0
4668.685370959132  136.6853709591321  0.0  0.02927705769366324  158451.84130845396  25289.395109623812  0.0  0.0  900.0  1846.599999999989  1800.0  5456.546335103332  14787.299863726828  108372.0  166515.85572978816  769.7146290408664  7697.146290408664  6075.389439379562  7656.5999999999985   17346.12  130046.39999999998  156487.02795953667   7437.528588463883   743.7528588463883  6258.232  17281.15999181154  129447.63644917608  152640.76308137854   6100.127433613097   610.0127433613097  5803.562  16857.704735560525  126479.49592431849  146146.6043721263   5080.79101276707   989.2635590897519  160399.92  0.0  0.0
4668.115187732278  136.11518773227883  0.0  0.02915848950985337  165286.74631237483  32210.105993322188  0.0  0.0  900.0  1846.6  1800.0  5277.355138894545  14880.685180158087  108372.0  166551.61798883424  770.2848122677196  7702.848122677196  6105.449866157112  7656.5999999999985   17346.12  130046.39999999998  156562.79985916393   7453.232250145966   745.3232250145966  6219.714  17294.593543102685  129548.49235353497  152593.74601036677   6108.599531419159   610.8599531419159  5859.569  16843.310486208713  126390.86622973884  146961.5367096519   6188.814106408888   753.2513984464277  160399.92  0.0  0.0
4670.113761198796  138.11376119879708  0.0  0.029573960777208974  164877.51329789666  31482.141055357693  0.0  0.0  900.0  1846.599999999995  1800.0  5606.541122614041  14870.231119924923  108372.0  166647.97524253817  768.2862388012018  7682.862388012018  6221.792854526193  7656.5999999999985   17346.12  130046.39999999998  156474.80945147897   7357.473861233439   735.7473861233439  6340.294  17265.905446583183  129368.61022481997  152785.14558665498   6051.034817525679   605.1034817525679  5959.045  16863.34469861995  126462.7558472077  146901.55435808605   5644.133855387469   887.6534350237773  160399.92  0.0  0.0
4699.914305264583  167.91430526458248  0.0  0.03572709933806542  170360.4138837771  36961.38340270615  0.0  0.0  900.0  1846.6  1800.0  5490.823344434916  14989.607136636034  108372.0  166352.49530466017  738.4856947354165  7384.856947354165  6224.318357306053  7656.5999999999985   17346.12  130046.39999999998  156481.3253108506   7059.117289657042   705.9117289657042  6260.694  17279.56538024175  129441.06615377245  152818.38456624807   5729.611771580303   572.9611771580303  5956.666  16875.10239339832  126486.61581628943  148797.1625088943   7239.084362413579   765.2663746381497  160399.92  0.0  0.0
4644.3766835038805  114.79747780864187  2.420794304761764  0.024717520914353277  160991.7706216212  27866.060158811564  24.20794304761764  0.0  900.0  1846.6  1800.0  5379.826757485751  14803.075762276261  108372.0  166763.02691517313  794.0233164961182  7940.233164961182  6079.47375021201  7656.5999999999985   17346.12  130046.39999999998  156318.07395754426   7528.478637736171   752.8478637736171  6212.727  17265.50297150324  129339.84428027435  152515.4399336059   6258.420813792491   625.8420813792491  5803.797  16843.12047008581  126368.52209800736  147500.12616861722   7017.323304475516   915.7031462913303  160399.92  0.0  0.0
4622.745437016739  95.30142565287491  4.555988636135297  0.020615763284248054  164699.96465018188  29993.019735237787  45.559886361352966  0.0  1550.0  1869.2413543137525  2600.0  5463.315124580094  14806.828549688902  108372.0  167020.82134729216  815.654562983259  8156.54562983259  6120.955717459625  7656.5999999999985   17346.12  130046.39999999998  156359.5684377735   7769.8554503261585   776.9855450326158  6245.731  17256.19780244353  129357.63917010186  152638.06409962752   6434.1191324477495   643.411913244775  5832.839  16845.12433150504  126460.10124747733  145885.91474173722   4397.980968168351   1122.1849476051486  160399.92  0.0  0.0
4682.807068415403  152.56140475549765  1.7543363400943477  0.03257904981490564  168312.76296589582  34947.65060414895  17.543363400943477  0.0  900.0  1846.6  1800.0  5459.494177501828  14969.47482084408  108372.0  166541.37431327335  755.5929315845951  7555.929315845951  6242.124997427465  7656.5999999999985   17346.12  130046.39999999998  156556.0617247159   7186.005111234208   718.6005111234208  6420.244  17270.51140677562  129365.30609856945  153428.06804048552   6039.881249359869   603.9881249359869  6100.854  16940.258730404697  126886.95505380399  148076.71696455014   7260.929076520713   738.4971804750055  160399.92  0.0  0.0
4675.663124345761  143.66312434576176  0.0  0.030725721790716844  171584.69729909344  38290.96944260411  0.0  0.0  900.0  1846.6000000027932  1800.0000000012128  5369.032162847025  15006.095693638305  108372.0  166462.70962645143  762.7368756542373  7627.368756542373  6092.020869909122  7656.5999999999985   17346.12  130046.39999999998  156522.96863904674   7253.441226758932   725.3441226758932  6320.058  17272.259325927094  129430.65108639728  152710.94937797118   5967.408805038831   596.7408805038831  5892.698  16851.55714985008  126466.69419268753  149902.99967112753   8241.394521070592   909.2392750855493  160399.92  0.0  0.0
4714.837835035572  182.83783503557206  0.0  0.03877924149944652  177706.98590921835  44309.105151697426  0.0  0.0  900.0  1846.6  1800.0  5452.416876916699  15026.863880604256  108372.0  166325.20378816413  723.5621649644263  7235.621649644263  6346.2621385199345  7656.5999999999985   17346.12  130046.39999999998  156588.89593526156   6863.995286770287   686.3995286770287  6411.185  17259.365179955596  129418.34591909632  153177.62191095244   5674.826594168408   567.4826594168408  5991.213  16902.192314347543  126784.21670112922  149221.53860871933   7597.9127567298765   638.0377866426269  160399.92  0.0  0.0
4690.119542732574  158.11954273257382  0.0  0.033713328901729796  172840.88560372085  39435.932016462866  0.0  0.0  900.0  1846.6  1800.0  5503.8055820457475  14982.548005212266  108372.0  166531.88247824725  748.2804572674249  7482.804572674249  6305.757905573065  7656.5999999999985   17346.12  130046.39999999998  156571.98608088112   7052.153897413173   705.2153897413173  6423.681  17269.342378818645  129378.96314387469  153285.85730702535   5878.592376550378   587.8592376550378  6106.785  16912.995240852873  126766.07714861505  149721.06535874106   7851.233027595192   782.1759179251559  160399.92  0.0  0.0
4726.126398094163  194.12639809416294  0.0  0.04107516002374492  175924.9429135383  42585.10457177745  0.0  0.0  900.0  1846.6  1800.0  5391.0442349381465  15030.194106822728  108372.0  166040.89762856494  712.2736019058357  7122.736019058357  6174.841609506646  7656.5999999999985   17346.12  130046.39999999998  156458.6622122748   6767.911230930649   676.7911230930649  6319.884  17271.027921473735  129367.750630298  153114.75475086962   5592.161642502206   559.2161642502206  6020.276  16897.47082211047  126697.00751282941  149210.37534328233   6851.121540364877   789.8784012595365  160399.92  0.0  0.0
4659.4106574041125  127.41065740411274  0.0  0.027344801042949233  162741.77457559158  29449.83890170563  0.0  0.0  899.9999999999999  1846.60000001548  1800.0000000018124  5530.527804125195  14842.807869743472  108372.0  166799.19687380025  778.9893425958862  7789.893425958862  6265.983447841423  7656.5999999999985   17346.12  130046.39999999998  156655.21747802928   7525.8282669946675   752.5828266994668  6378.500  17290.84242977628  129485.87470550208  153098.93525537048   6278.736691684699   627.8736691684699  5984.087  16898.22737580724  126716.62127638991  147288.12347262335   6176.644757890854   913.5785592632578  160399.92  0.0  0.0
4667.444700711579  135.444700711579  0.0  0.029019026340243448  166874.84998746903  33525.490481941604  0.0  0.0  899.9999999999999  1846.6000000027998  1800.0000000012137  5511.518340200868  14919.241165322555  108372.0  166682.00093688857  770.9552992884192  7709.552992884192  6229.12794400444  7656.5999999999985   17346.12  130046.39999999998  156567.71903250675   7311.93468304572   731.193468304572  6421.210  17283.260155009262  129363.24844119986  153220.56771039675   6114.223357687388   611.4223357687388  6020.504  16912.77117561806  126787.2926907015  147330.787827541   6158.726650260609   838.5441495211705  160399.92  0.0  0.0
4693.392313977211  164.261256671413  2.8689426942021967  0.03499840748071131  168291.4534381282  35003.756895061015  28.689426942021967  0.0  900.0  1846.5999999999958  1800.0  5432.163292022372  14908.243824102798  108372.0  166415.11581132433  745.0076860227882  7450.076860227882  6221.718951096491  7656.5999999999985   17346.12  130046.39999999998  156504.25256814325   7180.631241508472   718.0631241508472  6336.790  17267.036596626072  129400.42623604153  152776.0719126285   5901.986390322418   590.1986390322418  5910.141  16867.15064535666  126498.78070732614  148977.42990003285   7520.037664494107   858.8934397146684  160399.92  0.0  0.0
4668.968546788456  136.96854678845463  0.0  0.029335932640340505  165578.1726373424  32190.96608057747  0.0  0.0  900.0  1846.6  1800.0  5574.179815175839  14894.426741589079  108372.0  166727.4839981298  769.4314532115441  7694.314532115441  6289.849466014415  7656.5999999999985   17346.12  130046.39999999998  156543.50908626273   7390.3436708741265   739.0343670874126  6342.196  17277.32079131646  129423.99252465062  153205.8375798312   6154.59473994717   615.459473994717  6056.683  16917.105067211774  126732.04914708331  146377.14037812623   5095.156713354044   822.556424820449  160399.92  0.0  0.0
4703.244201842958  171.24420184295798  0.0  0.0364098044868383  173605.3724549372  40235.39202718919  0.0  0.0  900.0000000009467  1846.6000000089957  1800.0000000012137  5502.18645998447  14949.193967752379  108372.0  166428.9729998586  735.1557981570413  7351.557981570413  6334.095018288237  7656.5999999999985   17346.12  130046.39999999998  156513.0430319547   6985.796412006648   698.5796412006648  6310.525  17258.983737693467  129443.53445735906  153196.204193977   5817.837249981785   581.7837249981785  6031.114  16890.07200214282  126775.01841019746  148604.75400130087   6462.483792071138   760.6050273655972  160399.92  0.0  0.0
4706.178942268306  175.42220686096556  1.243264592659357  0.03727486970064397  174649.7134730833  41310.26994547542  12.43264592659357  0.0  900.0  1846.6  1800.0  5425.310713046628  14983.100168634719  108372.0  166341.13672117115  732.2210577316919  7322.210577316919  6275.606143854258  7656.5999999999985   17346.12  130046.39999999998  156597.5473469835   6951.837247703552   695.1837247703552  6415.755  17266.486400057038  129415.30566021582  153199.1067443221   5805.959868992813   580.5959868992813  6001.345  16907.96111598032  126789.8010558441  149172.08325365736   7432.193877765714   749.6710198051201  160399.92  0.0  0.0
4677.819174061594  149.02841473263746  3.209240671043677  0.03185852406587172  167280.79121264294  33908.928411799105  32.09240671043677  0.0  900.0  1846.6  1800.0  5507.598720952046  14913.57167318136  108372.0  166507.85847624965  760.5808259384048  7605.808259384048  6158.73021686566  7656.5999999999985   17346.12  130046.39999999998  156281.39711834438   7124.38468265741   712.438468265741  6326.767  17243.88675615186  129210.74358704349  152927.67481402305   5980.678232749951   598.0678232749951  5918.571  16885.51548059549  126623.58852425161  147577.7799385306   6187.662772989168   845.6864368430658  160399.92  0.0  0.0
4657.4448266580175  129.68417944886102  4.239352790843391  0.027844490761668735  164770.81293537418  31251.338322523603  42.39352790843391  0.0  900.0  1846.6  1800.0  5689.575717813661  14868.905367128476  108372.0  166826.05667242868  780.9551733419803  7809.551733419803  6273.184939008931  7656.5999999999985   17346.12  130046.39999999998  156731.27722031434   7630.514890598652   763.0514890598652  6399.187  17289.523795908433  129542.56648076492  153281.05248559162   6324.848589838148   632.4848589838148  6069.744  16911.863418441815  126799.44486372978  147944.2101013441   6082.991954052873   1045.5982676022322  160399.92  0.0  0.0
4680.434223550172  148.43422355017213  0.0  0.031713771940925346  167795.53980255258  34470.558341205164  0.0  0.0  900.0  1846.6  1800.0  5539.810151016891  14866.571310330515  108372.0  166579.59873173267  757.9657764498261  7579.657764498261  6256.620967234458  7656.5999999999985   17346.12  130046.39999999998  156542.93503591215   7156.492906168669   715.6492906168669  6379.169  17271.602524716556  129392.16391288469  153187.95205879305   5994.684216193718   599.4684216193718  6036.117  16907.114421720944  126744.72032346968  146580.88794097476   4849.352939250486   811.4172347379126  160399.92  0.0  0.0
4673.972801644046  141.97280164404572  0.0  0.030375187804710272  166237.76852401043  32949.67841424982  0.0  0.0  900.0  1846.599999999993  1800.0  5468.286587020823  14901.20352273981  108372.0  166574.5575837773  764.4271983559529  7644.271983559529  6186.965600217807  7656.5999999999985   17346.12  130046.39999999998  156480.3611205494   7315.418375255631   731.5418375255631  6343.769  17264.782671573437  129371.80942995206  153181.5957267617   6075.522258783294   607.5522258783294  6023.237  16901.50251632974  126756.8564522277  148896.24605132625   7344.733539803945   955.1765502317501  160399.92  0.0  0.0
4694.348289418009  162.34828941800833  0.0  0.03458377593839246  170846.55710918183  37529.86403045578  0.0  0.0  900.0  1846.599999999995  1800.0  5429.137045523176  14968.956033202881  108372.0  166450.86005267414  744.0517105819899  7440.517105819899  6267.022946854288  7656.5999999999985   17346.12  130046.39999999998  156663.4939431622   7154.800294111683   715.4800294111683  6385.617  17275.510617322212  129502.3658310084  153362.15993215394   5987.820831763984   598.7820831763984  6085.944  16919.194410530716  126857.0220025047  148030.65041305852   6309.93735885618   850.0975350086477  160399.92  0.0  0.0
4687.939253407171  157.7720177519393  1.832764344768604  0.033654876742967896  168770.43625862073  35566.565682804714  18.32764344768604  0.0  900.0  1846.6  1800.0  5383.617019698315  14883.325912670094  108372.0  166403.7681331538  750.4607465928284  7504.607465928284  6155.840667225577  7656.5999999999985   17346.12  130046.39999999998  156594.34620320145   7166.113360692425   716.6113360692425  6306.738  17286.61005910843  129500.99860516  152887.26489921391   6016.4873544292095   601.648735442921  5908.385  16868.84108947253  126610.03862536582  146647.06571853932   4773.442489017468   865.5881123614968  160399.92  0.0  0.0
4711.901663610223  179.9016636102225  0.0  0.0381802670033617  172640.90598434175  39111.37336034189  0.0  0.0  900.0  1846.6  1800.0  5647.139015503757  14963.793608496115  108372.0  166461.09120324248  726.4983363897763  7264.983363897763  6452.7878393447545  7656.5999999999985   17346.12  130046.39999999998  157041.06622804506   7122.059589141481   712.2059589141481  6587.745  17311.445802178754  129641.8755871464  154045.34173141164   6011.419984113963   601.1419984113963  6286.691  16986.96128750705  127271.6893911751  150078.92245440345   8433.858210644648   759.7183954084362  160399.92  0.0  0.0
4732.465794263304  201.53794149998276  1.0721472366798679  0.04258624367539795  179446.3186844364  45917.73457975046  10.721472366798679  0.0  900.0  1846.6  1800.0  5516.934223347252  15082.32840897191  108372.0  166159.07283608353  705.9342057366957  7059.342057366957  6356.410778716623  7656.5999999999985   17346.12  130046.39999999998  156787.8713401041   6773.672064686471   677.367206468647  6430.483  17296.16131333031  129561.22742644718  153576.71206403646   5633.2629276792795   563.326292767928  6172.216  16940.407713926747  126964.08878438764  151616.24312190755   9436.08877718071   710.2101595681331  160399.92  0.0  0.0
4654.721362327985  122.72136232798508  0.0  0.02636492128641787  161465.75804555666  28219.042738631742  0.0  0.0  899.9999999999999  1846.600000002796  1800.0000000012137  5518.389757761506  14809.72554915939  108372.0  166839.19121482433  783.6786376720129  7836.786376720129  6259.0848381042615  7656.5999999999985   17346.12  130046.39999999998  156510.9876947597   7545.6222805971265   754.5622280597127  6302.599  17273.865006009488  129434.52393237915  153277.14554155193   6370.8217582872385   637.0821758287238  5982.869  16913.852003550157  126880.42479635795  146646.1091431778   5927.346912275014   929.3053597357207  160399.92  0.0  0.0
4670.407577461517  139.25509447978402  0.8475170182666565  0.02981647579363355  167185.1170133204  33711.50220782757  8.475170182666565  0.0  900.0  1846.599999999995  1800.0  5592.884906878148  14953.654728432062  108372.0  166736.98196462984  767.9924225384812  7679.9242253848115  6313.737739245074  7656.5999999999985   17346.12  130046.39999999998  156517.8433893377   7367.144673187086   736.7144673187086  6394.870  17257.265185846252  129365.70781329913  153399.90941522515   6167.085880388495   616.7085880388495  6119.435  16922.473140839575  126858.0011025923  147087.7936910123   5826.452657504635   822.8046479119116  160399.92  0.0  0.0
4683.789626848524  151.78962684852362  0.0  0.03240743904859256  169607.2094902157  36013.18276468337  0.0  0.0  900.0  1846.6  1800.0  5704.519308888107  14970.907416644233  108372.0  166606.4890669202  754.610373151475  7546.10373151475  6317.065335405523  7656.5999999999985   17346.12  130046.39999999998  156742.94373976847   7313.696740921341   731.3696740921341  6404.962  17297.62959013313  129540.35261378207  153538.81556620405   6146.7178537063955   614.6717853706396  6110.390  16938.964451232296  126989.46123673602  149383.354337638   8045.418327568186   763.4290405629978  160399.92  0.0  0.0
4680.61826407817  156.1111410508343  7.492876972665218  0.033352675275598404  165829.5275803631  32613.343210718136  74.92876972665218  0.0  900.0  1846.5999999999976  1800.0  5383.688362030551  14838.967237887744  108372.0  166505.81673150085  757.7817359218288  7577.817359218288  6184.679372282619  7656.5999999999985   17346.12  130046.39999999998  156533.92920221994   7216.740233148366   721.6740233148366  6260.556  17281.49797336752  129491.87539301006  152887.60309994177   6032.21061027476   603.221061027476  5931.467  16882.05819074663  126574.07830290082  146730.8576972833   5884.803182886146   832.3868200662763  160399.92  0.0  0.0
4681.8133193493  151.6072886694214  1.793969320120592  0.03238217295910732  167556.78311066423  34209.21330840783  17.93969320120592  0.0  900.0  1846.6  1800.0  5512.577966316638  14898.452142738563  108372.0  166520.30012613695  756.5866806506983  7565.866806506983  6211.113319629994  7656.5999999999985   17346.12  130046.39999999998  156435.30874896207   7183.269124403278   718.3269124403278  6328.198  17258.75785552932  129348.35267923365  153152.04828781605   6107.144657853532   610.7144657853532  5956.690  16898.120941348858  126797.23765681127  147798.51865889304   6719.545792378891   822.458932961207  160399.92  0.0  0.0
4703.161549109283  171.1615491092833  0.0  0.03639287048128275  173790.92463939506  40411.0760563848  0.0  0.0  900.0  1846.6  1800.0  5463.051380573494  14998.197202436764  108372.0  166279.93437808956  735.2384508907153  7352.384508907153  6184.229869182453  7656.5999999999985   17346.12  130046.39999999998  156512.28940370135   7041.085268967181   704.1085268967181  6256.938  17287.996005802834  129467.35518070472  152977.20618585937   5824.586508345274   582.4586508345274  6015.526  16889.54601281163  126572.1339090123  151095.78178936715   9945.102252190325   709.7464326250479  160399.92  0.0  0.0
4694.321003658626  162.32100365862695  0.0  0.03457816445277568  170597.57218454478  37377.003710995836  0.0  0.0  900.0  1846.6  1800.0  5381.382687418006  14920.585786130941  108372.0  166381.23970783627  744.0789963413717  7440.7899634137175  6197.129744422604  7656.5999999999985   17346.12  130046.39999999998  156494.35980282023   7159.589501242617   715.9589501242617  6270.479  17267.783077987147  129456.09741324978  153114.48255130873   5951.848129441032   595.1848129441032  5964.803  16886.301755607452  126763.3782913631  145848.46006348697   4836.876087276631   693.7517301336212  160399.92  0.0  0.0
4676.6961436602405  145.12292387184922  0.4267802116081256  0.03103107822572112  172388.16342243855  39014.145304626036  4.267802116081256  0.0  900.0  1846.6  1800.0  5482.324382804804  14968.825932891652  108372.0  166613.15685679065  761.7038563397582  7617.038563397582  6252.798293393115  7656.5999999999985   17346.12  130046.39999999998  156567.25938698047   7331.006057479526   733.1006057479526  6403.817  17259.467850652636  129403.97464664667  153513.6341317842   6130.788872472167   613.0788872472167  6089.080  16920.345735219867  127004.20869769403  149464.44430299022   7524.26934872126   901.8964986869584  160399.92  0.0  0.0
4660.928265941782  128.92826594178194  0.0  0.027661499723967718  164953.68332926006  31782.82301271945  0.0  0.0  900.0  1846.6  1800.0  5369.775253251589  14882.48506328903  108372.0  166642.50714623154  777.4717340582165  7774.717340582165  6124.4698056494135  7656.5999999999985   17346.12  130046.39999999998  156521.8333732371   7422.723151425507   742.2723151425507  6325.935  17280.71425227453  129415.1838591452  152905.2464077376   6149.765510929074   614.9765510929074  5908.539  16878.559588023043  126618.14733620634  147407.05689558617   6512.0371825675575   838.1746872028242  160399.92  0.0  0.0
**********END OF THIS SET***********
#############################################################################


